8.831942433282183594e+12 4.163563843481386719e+11 3.452379405647041016e+11
4.153424663501907865e-01 2.649424482542706016e-02 2.311110825326329055e-02
1.748004022310502004e+00 1.179215009237473133e-01 1.308018102086121459e-01
1.165909074001307832e+00 9.475203316722513591e-02 8.876355665235879933e-02
1.387721403145185128e+01 7.144442562977122435e-01 7.139102094643376972e-01
3.532070044958301196e+02 9.911881303029986157e+00 8.658005927922886258e+00
2.003945461256250837e+03 3.711056045302530038e+01 3.415951947182657022e+01
7.036945885823305616e+03 1.904837819995673271e+02 1.797113021348732218e+02
1.058587507907738701e+00 7.635511133348149571e-03 6.728440390348255917e-03
1.022607556132117068e+00 8.422468777425473618e-03 7.655966051100637770e-03
1.038899015923182345e+00 2.606428755330125746e-02 2.618680908289561238e-02
1.917556049324118248e+03 6.256205239794758199e+01 5.449580313428873524e+01
4.273209360114664378e+03 1.648765221615676637e+02 1.480864301146993967e+02
4.293915161166971302e+03 3.996617660230804177e+02 3.293321065840464144e+02
